<?xml version="1.0" standalone="no"?>
<!DOCTYPE svg PUBLIC "-//W3C//DTD SVG 20010904//EN"
 "http://www.w3.org/TR/2001/REC-SVG-20010904/DTD/svg10.dtd">
<svg version="1.0" xmlns="http://www.w3.org/2000/svg"
 width="720.000000pt" height="720.000000pt" viewBox="0 0 720.000000 720.000000"
 preserveAspectRatio="xMidYMid meet">

<g transform="translate(0.000000,720.000000) scale(0.100000,-0.100000)"
fill="#000000" stroke="none">
<path d="M3255 6733 c-1137 -98 -2113 -594 -2704 -1373 -278 -367 -448 -773
-507 -1210 -19 -144 -18 -214 3 -231 12 -11 62 -14 222 -14 582 1 1542 134
1916 265 166 58 302 150 460 309 86 88 91 91 135 91 165 1 378 115 476 256
120 172 165 328 199 699 32 339 85 1032 85 1105 0 106 -6 110 -141 108 -57 -1
-122 -3 -144 -5z m89 -260 c-2 -21 -22 -263 -44 -538 -42 -521 -63 -682 -110
-846 -31 -109 -65 -164 -140 -232 -50 -45 -143 -97 -175 -97 -13 0 -13 5 5 40
28 55 50 145 50 205 0 63 -33 202 -61 257 -27 54 -101 131 -153 162 -100 58
-260 82 -376 55 -231 -53 -383 -275 -325 -475 23 -82 62 -139 158 -231 91 -87
186 -142 282 -164 30 -7 55 -16 55 -20 0 -23 -199 -176 -271 -208 -130 -58
-660 -168 -1034 -215 -265 -34 -756 -76 -889 -76 l-49 0 7 57 c26 222 123 517
242 740 121 225 250 399 448 602 471 481 1116 814 1851 955 153 29 391 61 492
64 l41 2 -4 -37z m-749 -1200 c55 -29 131 -112 145 -159 32 -113 20 -189 -47
-301 -28 -49 -42 -63 -60 -63 -44 0 -168 32 -223 58 -105 49 -220 196 -220
281 1 80 67 163 155 196 59 22 198 15 250 -12z"/>
<path d="M3668 6723 c-26 -28 -24 -100 17 -604 59 -737 70 -829 115 -1014 35
-143 133 -304 235 -387 105 -86 261 -147 375 -148 44 0 49 -3 135 -91 158
-159 294 -251 460 -309 374 -131 1334 -264 1916 -265 160 0 210 3 222 14 21
17 22 87 3 231 -120 890 -720 1672 -1650 2149 -496 255 -1109 416 -1661 438
-140 5 -151 4 -167 -14z m457 -239 c827 -104 1576 -459 2101 -995 198 -203
327 -377 448 -602 119 -223 216 -518 242 -740 l7 -57 -49 0 c-133 0 -624 42
-889 76 -374 47 -904 157 -1034 215 -72 32 -271 185 -271 208 0 4 25 13 55 20
96 22 191 77 282 164 96 92 135 149 158 231 58 200 -94 422 -325 475 -116 27
-276 3 -376 -55 -52 -31 -126 -108 -153 -162 -28 -55 -61 -194 -61 -257 0 -60
22 -150 50 -205 18 -35 18 -40 5 -40 -32 0 -125 52 -175 97 -75 68 -109 123
-140 232 -47 164 -68 325 -110 846 -22 275 -42 517 -44 539 l-4 38 81 -6 c45
-4 136 -14 202 -22z m716 -1199 c91 -31 158 -114 159 -196 0 -85 -115 -232
-220 -281 -55 -26 -179 -58 -223 -58 -18 0 -32 14 -60 63 -67 112 -79 188 -47
301 20 66 113 153 190 177 43 13 155 10 201 -6z"/>
<path d="M105 3663 c-27 -2 -55 -9 -62 -15 -35 -29 11 -372 81 -606 221 -735
781 -1366 1570 -1771 495 -254 1104 -415 1658 -438 186 -8 188 -7 188 107 0
73 -53 766 -85 1105 -34 371 -79 527 -199 699 -98 141 -311 255 -476 256 -44
0 -49 3 -135 91 -158 159 -294 251 -460 309 -222 77 -711 168 -1185 219 -304
33 -768 56 -895 44z m475 -198 c582 -41 1057 -112 1480 -222 159 -41 202 -58
284 -117 69 -49 166 -134 166 -145 0 -4 -25 -13 -55 -20 -96 -22 -191 -77
-282 -164 -96 -92 -135 -149 -158 -231 -58 -200 94 -422 325 -475 116 -27 276
-3 376 55 52 31 126 108 153 162 28 55 61 194 61 257 0 60 -22 150 -50 205
-18 35 -18 40 -5 40 32 0 125 -52 175 -97 75 -68 109 -123 140 -232 47 -164
68 -325 110 -846 22 -275 42 -517 44 -539 l4 -38 -81 6 c-915 75 -1735 437
-2303 1017 -198 203 -327 377 -448 602 -119 223 -216 518 -242 740 l-7 57 49
0 c27 0 146 -7 264 -15z m2113 -707 c67 -113 79 -189 47 -302 -14 -47 -90
-130 -145 -159 -55 -28 -176 -35 -242 -13 -94 31 -162 113 -163 197 0 82 114
231 215 279 55 26 173 58 221 59 27 1 34 -6 67 -61z"/>
<path d="M6755 3664 c-22 -2 -112 -8 -200 -14 -473 -31 -926 -96 -1335 -190
-307 -71 -465 -157 -675 -369 -86 -88 -91 -91 -135 -91 -165 -1 -378 -115
-476 -256 -120 -172 -165 -328 -199 -699 -32 -339 -85 -1032 -85 -1105 0 -114
2 -115 188 -107 554 23 1163 184 1658 438 930 477 1530 1259 1650 2149 18 138
18 214 0 230 -15 12 -306 22 -391 14z m161 -241 c-26 -222 -123 -517 -242
-740 -121 -225 -250 -399 -448 -602 -568 -580 -1388 -942 -2303 -1017 l-81 -6
4 38 c2 22 22 264 44 539 42 521 63 682 110 846 31 109 65 164 140 232 50 45
143 97 175 97 13 0 13 -5 -5 -40 -28 -55 -50 -145 -50 -205 0 -63 33 -202 61
-257 27 -54 101 -131 153 -162 100 -58 260 -82 376 -55 231 53 383 275 325
475 -23 82 -62 139 -158 231 -91 87 -186 142 -282 164 -30 7 -55 16 -55 20 0
24 199 176 272 209 100 44 498 133 823 184 312 49 837 100 1074 105 l74 1 -7
-57z m-2263 -619 c40 -9 97 -28 127 -42 105 -49 220 -196 220 -281 -1 -84 -69
-166 -163 -197 -66 -22 -187 -15 -242 13 -55 29 -131 112 -145 159 -32 113
-20 189 47 302 42 71 43 71 156 46z"/>
</g>
</svg>
